TTLJ_PowhegPythia_SYS_hdampDown_ttbb: 29326144.000000
QCD_Pt-120to170_MuEnriched: 7897731.000000
QCD_Pt-15to20_MuEnriched: 4141251.000000
QCD_Pt-170to300_EMEnriched: 11540163.000000
QCD_Pt-20to30_EMEnriched: 9241500.000000
QCD_Pt-20to30_MuEnriched: 31878740.000000
QCD_Pt-300toInf_EMEnriched: 7380341.000000
TTLJ_PowhegPythia_ttbj: 106736180.000000
TTLJ_PowhegPythia_ttother: 106736180.000000
TTJJ_PowhegPythiaBkg_SYS_hdampUp: 28565510.000000
TTLJ_PowhegPythia_SYS_hdampDown_ttLF: 29326144.000000
QCD_Pt-50to80_MuEnriched: 19662175.000000
TTLJ_PowhegPythia_ttLF: 106736180.000000
TTLJ_PowhegPythia_ttbb: 106736180.000000
TTLJ_PowhegPythia_ttcc: 106736180.000000
TTJJ_PowhegPythiaBkg_SYS_hdampDown: 28424480.000000
TTLJ_PowhegPythiaBkg_SYS_hdampUp: 29537208.000000
SingleTbar_tW_PowhegPythia: 4942374.000000
SingleTbar_t_PowhegPythia: 17780700.000000
SingleTop_s_aMCatNLOPythia: 6137801.000000
SingleTop_tW_PowhegPythia: 4945734.000000
SingleTop_t_PowhegPythia: 31848000.000000
TTJJ_PowhegPythiaBkg: 67963984.000000
TTJJ_PowhegPythiaBkg_SYS_TuneCP5Down: 27695376.000000
TTJJ_PowhegPythiaBkg_SYS_TuneCP5Up: 27713380.000000
TTLJ_PowhegPythiaBkg: 106736180.000000
TTLJ_PowhegPythiaBkg_SYS_TuneCP5Down: 28718770.000000
TTLJ_PowhegPythiaBkg_SYS_TuneCP5Up: 29002092.000000
TTLJ_PowhegPythia_SYS_hdampDown_ttbj: 29326144.000000
TTLJ_PowhegPythia_SYS_hdampDown_ttcc: 29326144.000000
TTLJ_PowhegPythia_SYS_hdampDown_ttother: 29326144.000000
TTLJ_PowhegPythia_SYS_hdampUp_ttLF: 29537208.000000
TTLJ_PowhegPythia_SYS_hdampUp_ttbb: 29537208.000000
TTLJ_PowhegPythia_SYS_hdampUp_ttbj: 29537208.000000
TTLJ_PowhegPythia_SYS_hdampUp_ttcc: 29537208.000000
TTLJ_PowhegPythia_SYS_hdampUp_ttother: 29537208.000000
TTLL_PowhegPythiaBkg_SYS_hdampDown: 14663032.000000
TTLL_PowhegPythiaBkg_SYS_hdampUp: 14821776.000000
TTLJ_PowhegPythia_SYS_TuneCP5Down_ttLF: 28718770.000000
TTLJ_PowhegPythia_SYS_TuneCP5Down_ttbb: 28718770.000000
TTLJ_PowhegPythia_SYS_TuneCP5Down_ttbj: 28718770.000000
TTLJ_PowhegPythia_SYS_TuneCP5Down_ttcc: 28718770.000000
TTLJ_PowhegPythia_SYS_TuneCP5Down_ttother: 28718770.000000
TTLJ_PowhegPythia_SYS_TuneCP5Up_ttLF: 29002092.000000
TTLJ_PowhegPythia_SYS_TuneCP5Up_ttbb: 29002092.000000
TTLJ_PowhegPythia_SYS_TuneCP5Up_ttbj: 29002092.000000
TTLJ_PowhegPythia_SYS_TuneCP5Up_ttcc: 29002092.000000
TTLJ_PowhegPythia_SYS_TuneCP5Up_ttother: 29002092.000000
TTLJ_PowhegPythiaBkg_SYS_hdampDown: 29326144.000000
TTLL_PowhegPythiaBkg: 67312164.000000
ZZ_Pythia: 1988098.000000
W1JetsToLNu_MadgraphPythia: 45283121.000000
ZJets_M50_aMCatNLOPythia: 80478895.000000
ttHToNonbb_PowhegPythia: 9757039.000000
ttHTobb_PowhegPythia: 9764780.000000
ttWToQQ_aMCatNLOMadspinPythia: 430310.000000
ttZToQQ_aMCatNLOMadspinPythia: 351164.000000
ttWToLNu_aMCatNLOMadspinPythia: 2716249.000000
QCD_Pt-50to80_EMEnriched: 45789059.000000
QCD_Pt-30to50_EMEnriched: 11508842.000000
QCD_Pt-1000toInf_MuEnriched: 13577827.000000
W2JetsToLNu_MadgraphPythia: 60438768.000000
ZJets_M10to50_MadgraphPythia: 78843820.000000
QCD_Pt-80to120_EMEnriched: 77800204.000000
TTLL_PowhegPythiaBkg_SYS_TuneCP5Up: 14719314.000000
QCD_Pt-470to600_MuEnriched: 19489276.000000
WJetsToLNu_MadgraphPythia: 178695240.000000
W4JetsToLNu_MadgraphPythia: 29941394.000000
W3JetsToLNu_MadgraphPythia: 59300029.000000
QCD_Pt-800to1000_MuEnriched: 19940747.000000
ttZToLLNuNu_aMCatNLOMadspinPythia: 6420825.000000
QCD_Pt-80to120_MuEnriched: 23560662.000000
QCD_Pt-600to800_MuEnriched: 9981311.000000
QCD_Pt-300to470_MuEnriched: 49005976.000000
QCD_Pt-170to300_MuEnriched: 17350231.000000
TTLL_PowhegPythiaBkg_SYS_TuneCP5Down: 14251228.000000
QCD_Pt-120to170_EMEnriched: 78578415.000000
WZ_Pythia: 3997571.000000
WW_Pythia: 7837160.000000
