QCD_Pt-1000toInf_MuEnriched: 11596693.000000
QCD_Pt-120to170_EMEnriched: 8515107.000000
QCD_Pt-120to170_MuEnriched: 20774848.000000
QCD_Pt-15to20_EMEnriched: 11215220.000000
QCD_Pt-15to20_MuEnriched: 5859904.000000
QCD_Pt-170to300_EMEnriched: 3433364.000000
QCD_Pt-170to300_MuEnriched: 46170668.000000
QCD_Pt-20to30_EMEnriched: 11212810.000000
QCD_Pt-20to30_MuEnriched: 28213684.000000
QCD_Pt-300to470_MuEnriched: 17744779.000000
QCD_Pt-300toInf_EMEnriched: 2874295.000000
QCD_Pt-30to50_EMEnriched: 14766010.000000
QCD_Pt-470to600_MuEnriched: 24243589.000000
QCD_Pt-50to80_EMEnriched: 10477146.000000
QCD_Pt-50to80_MuEnriched: 24068613.000000
QCD_Pt-600to800_MuEnriched: 17263676.000000
QCD_Pt-800to1000_MuEnriched: 17114527.000000
QCD_Pt-80to120_EMEnriched: 9104852.000000
QCD_Pt-80to120_MuEnriched: 23248995.000000
SingleTbar_tW_PowhegPythia: 7686032.000000
SingleTbar_t_PowhegPythia: 3675910.000000
SingleTop_s_aMCatNLOPythia: 6185062.000000
SingleTop_tW_PowhegPythia: 7884388.000000
SingleTop_t_PowhegPythia: 5982064.000000
TTJJ_PowhegPythiaBkg: 129211204.000000
TTJJ_PowhegPythiaBkg_SYS_TuneCP5Down: 27032802.000000
TTJJ_PowhegPythiaBkg_SYS_TuneCP5Up: 26889896.000000
TTJJ_PowhegPythiaBkg_SYS_hdampDown: 26671068.000000
TTJJ_PowhegPythiaBkg_SYS_hdampUp: 27137584.000000
TTLJ_PowhegPythiaBkg: 109124472.000000
TTLJ_PowhegPythiaBkg_SYS_TuneCP5Down: 26886117.000000
TTLJ_PowhegPythiaBkg_SYS_TuneCP5Up: 19959204.000000
TTLJ_PowhegPythiaBkg_SYS_hdampDown: 25931989.000000
TTLJ_PowhegPythiaBkg_SYS_hdampUp: 23868910.000000
TTLJ_PowhegPythia_SYS_TuneCP5Down_ttLF: 26886117.000000
TTLJ_PowhegPythia_SYS_TuneCP5Down_ttbb: 26886117.000000
TTLJ_PowhegPythia_SYS_TuneCP5Down_ttbj: 26886117.000000
TTLJ_PowhegPythia_SYS_TuneCP5Down_ttcc: 26886117.000000
TTLJ_PowhegPythia_SYS_TuneCP5Down_ttother: 26886117.000000
TTLJ_PowhegPythia_SYS_TuneCP5Up_ttLF: 19959204.000000
TTLJ_PowhegPythia_SYS_TuneCP5Up_ttbb: 19959204.000000
TTLJ_PowhegPythia_SYS_TuneCP5Up_ttbj: 19959204.000000
TTLJ_PowhegPythia_SYS_TuneCP5Up_ttcc: 19959204.000000
TTLJ_PowhegPythia_SYS_TuneCP5Up_ttother: 19959204.000000
TTLJ_PowhegPythia_SYS_hdampDown_ttLF: 25931989.000000
TTLJ_PowhegPythia_SYS_hdampDown_ttbb: 25931989.000000
TTLJ_PowhegPythia_SYS_hdampDown_ttbj: 25931989.000000
TTLJ_PowhegPythia_SYS_hdampDown_ttcc: 25931989.000000
TTLJ_PowhegPythia_SYS_hdampDown_ttother: 25931989.000000
TTLJ_PowhegPythia_SYS_hdampUp_ttLF: 23868910.000000
TTLJ_PowhegPythia_SYS_hdampUp_ttbb: 23868910.000000
TTLJ_PowhegPythia_SYS_hdampUp_ttbj: 23868910.000000
TTLJ_PowhegPythia_SYS_hdampUp_ttcc: 23868910.000000
TTLJ_PowhegPythia_SYS_hdampUp_ttother: 23868910.000000
TTLJ_PowhegPythia_ttLF: 109124472.000000
TTLJ_PowhegPythia_ttbb: 109124472.000000
TTLJ_PowhegPythia_ttbj: 109124472.000000
TTLJ_PowhegPythia_ttcc: 109124472.000000
TTLJ_PowhegPythia_ttother: 109124472.000000
TTLL_PowhegPythiaBkg: 68595608.000000
TTLL_PowhegPythiaBkg_SYS_TuneCP5Down: 5455842.000000
TTLL_PowhegPythiaBkg_SYS_TuneCP5Up: 5455706.000000
TTLL_PowhegPythiaBkg_SYS_hdampDown: 5385951.000000
TTLL_PowhegPythiaBkg_SYS_hdampUp: 5389292.000000
W1JetsToLNu_MadgraphPythia: 54106926.000000
W2JetsToLNu_MadgraphPythia: 6570442.000000
W3JetsToLNu_MadgraphPythia: 19669693.000000
W4JetsToLNu_MadgraphPythia: 11074019.000000
WJetsToLNu_MadgraphPythia: 44587448.000000
WW_Pythia: 7791498.000000
WZ_Pythia: 3928630.000000
ZJets_M10to50_MadgraphPythia: 39489654.000000
ZJets_M50_aMCatNLOPythia: 123485957.000000
ZZ_Pythia: 1949768.000000
ttHToNonbb_PowhegPythia: 7814711.000000
ttHTobb_PowhegPythia: 7833734.000000
ttWToLNu_aMCatNLOMadspinPythia: 2686141.000000
ttWToQQ_aMCatNLOMadspinPythia: 441560.000000
ttZToLLNuNu_aMCatNLOMadspinPythia: 3570720.000000
ttZToQQ_aMCatNLOMadspinPythia: 356286.000000
